890
26 803
119 105
759 51
514 349
293 495
321 364
145 714
257 627
263 771
573 613
70 402
24 23
384 204
98 138
282 60
64 632
323 131
262 150
215 719
116 389
127 18
23 784
851 862
31 98
295 558
861 660
17 36
570 335
225 520
145 327
136 75
30 488
409 507
421 342
570 680
168 63
109 83
9 337
294 537
64 73
766 469
598 863
246 298
259 268
75 473
278 321
96 54
416 158
12 28
509 356
360 34
242 101
31 186
8 13
252 5
397 21
142 109
229 73
744 232
279 211
98 146
670 273
579 526
301 23
152 465
100 574
279 662
742 578
195 412
472 763
562 741
846 704
49 4
53 42
79 289
17 34
285 369
62 365
486 106
564 75
5 18
429 72
164 789
11 81
444 196
8 529
575 71
552 797
27 112
591 594
314 292
222 393
162 232
104 12
266 413
321 487
33 27
241 207
697 276
435 463
16 288
815 689
374 824
43 76
485 407
673 232
154 387
533 199
415 439
242 255
130 134
636 76
374 872
559 374
62 67
124 716
85 80
336 192
7 4
253 329
190 535
443 95
66 15
1 10
39 368
178 93
386 72
513 19
187 109
29 101
225 136
772 204
480 542
199 161
44 452
94 88
563 231
213 185
148 223
240 143
130 166
239 296
57 770
52 204
135 176
835 287
726 343
23 2
102 73
426 823
242 580
129 597
231 189
63 275
87 602
276 244
65 93
70 28
889 174
388 144
36 126
39 54
26 3
218 129
340 252
469 756
313 745
641 677
309 34
295 238
442 298
87 31
775 435
393 589
182 134
376 674
730 282
354 881
70 515
242 264
484 317
441 219
22 354
52 37
54 621
2 1
278 70
47 21
657 584
504 485
421 807
24 37
160 111
321 687
21 681
91 339
28 72
174 76
140 528
242 427
370 122
35 729
129 47
590 121
361 294
30 2
231 800
11 44
105 391
638 350
441 531
26 152
48 28
2 3
173 22
73 74
55 115
27 82
525 485
471 120
498 269
125 2
882 108
123 37
641 362
332 828
60 50
57 652
339 780
265 346
280 836
648 322
434 340
456 20
12 9
68 44
625 509
460 228
616 465
214 237
24 612
649 291
46 64
615 752
870 837
776 343
1 122
16 6
418 360
167 721
857 645
79 211
159 33
341 166
199 860
663 438
690 36
538 17
424 69
527 825
22 107
699 629
645 227
263 306
637 609
554 656
58 77
367 58
733 633
180 57
592 45
837 52
300 293
228 769
155 299
291 18
437 360
27 42
515 665
666 99
737 883
49 88
57 350
667 554
259 32
11 50
119 130
266 781
277 701
89 110
38 84
366 375
66 69
443 706
47 257
822 484
81 284
558 739
68 359
707 414
172 145
170 404
511 103
879 831
454 92
139 114
661 646
517 712
252 808
757 240
132 6
324 342
547 180
551 214
171 19
571 144
864 20
884 691
450 25
15 43
540 58
73 167
202 445
577 14
518 675
334 684
304 46
229 840
155 379
349 746
671 579
799 26
316 194
238 251
5 89
728 586
247 682
18 553
433 76
850 540
720 853
410 72
3 220
842 380
8 216
10 164
251 315
307 735
849 591
338 614
124 52
573 318
300 534
635 82
290 704
734 680
296 873
214 3
658 358
474 519
16 196
310 190
794 488
17 62
546 486
368 755
112 149
672 146
685 2
145 56
554 630
777 177
430 60
108 668
172 596
439 878
396 585
184 99
562 679
71 22
506 244
43 201
316 622
14 544
472 731
390 44
352 593
131 698
762 254
357 30
131 115
631 210
34 210
235 376
14 15
263 21
462 11
144 432
743 642
841 21
288 618
186 245
496 413
265 83
434 858
688 638
446 45
44 117
177 170
629 83
245 518
40 17
148 194
150 142
36 97
826 51
409 248
269 788
120 206
37 45
547 691
548 531
436 111
852 554
623 281
804 524
21 10
78 325
65 344
347 37
91 875
512 381
181 171
502 805
15 720
233 56
568 609
747 745
161 303
332 234
128 113
655 371
166 266
285 317
457 236
365 503
88 202
459 356
199 880
67 401
65 153
152 269
6 3
758 443
175 624
678 7
167 643
93 224
573 717
275 660
680 865
710 350
615 530
39 99
156 228
338 55
17 3
405 267
171 725
288 333
751 518
15 261
4 2
867 824
715 59
382 403
555 727
41 55
22 12
163 14
153 203
375 792
713 25
112 253
313 692
1 19
254 241
165 483
411 431
163 208
402 435
447 285
470 380
311 105
851 389
604 470
147 129
438 449
874 827
475 829
838 613
767 196
65 64
866 846
68 532
36 46
827 807
293 113
226 796
256 536
738 887
224 227
266 385
368 428
36 38
4 154
760 393
151 139
414 274
628 149
791 406
277 30
468 347
287 251
408 107
711 640
67 305
156 217
676 335
307 209
280 634
442 885
673 811
495 693
212 42
419 114
354 545
269 749
172 422
61 271
398 779
285 255
211 848
603 341
157 74
786 522
646 135
222 47
55 353
682 754
683 57
449 578
92 219
31 5
185 14
482 117
25 510
344 524
25 23
183 248
45 601
478 225
156 101
773 193
764 281
871 488
585 653
407 49
188 283
309 326
313 124
812 204
440 114
189 541
783 711
92 500
582 400
221 101
542 705
281 118
320 141
506 523
19 27
249 84
372 51
685 765
11 2
334 60
197 102
140 22
121 230
404 819
176 312
236 190
692 830
54 91
633 206
448 345
466 101
845 503
203 572
114 12
96 785
423 141
5 8
116 382
16 57
368 438
103 79
411 217
816 400
497 353
280 114
1 169
163 417
118 90
239 145
408 737
295 458
147 700
404 599
58 39
481 378
297 709
569 283
149 493
106 26
722 250
650 35
119 133
380 790
253 373
787 125
181 505
118 260
83 82
302 153
476 801
385 502
370 620
351 251
179 85
378 103
246 77
78 244
81 608
355 284
114 516
258 217
332 708
167 250
343 249
694 335
588 507
144 821
449 587
408 702
35 556
740 732
437 455
85 193
150 750
24 640
293 489
886 337
467 191
176 286
651 271
8 9
59 183
890 849
224 888
11 600
15 39
74 395
492 52
20 426
374 839
113 724
517 560
647 357
205 53
425 307
522 335
584 376
499 270
352 174
381 324
695 94
226 100
328 315
184 200
491 265
377 102
78 113
75 6
73 526
262 292
161 565
360 686
29 80
8 86
92 490
336 474
3 5
143 74
90 73
554 626
128 137
37 294
469 348
95 58
116 19
689 576
453 185
501 303
120 65
116 451
20 41
110 586
238 43
809 833
206 399
256 128
876 74
232 768
52 644
581 309
125 557
552 149
549 432
820 795
141 126
187 477
34 406
243 227
229 380
578 809
105 22
195 87
120 718
92 80
51 41
567 236
480 127
214 273
527 28
57 59
166 215
818 550
295 330
260 832
301 844
121 82
121 175
348 55
774 57
696 570
80 349
172 554
189 129
275 561
183 207
543 446
375 420
299 331
619 154
642 182
35 28
859 182
847 294
311 610
306 748
78 611
583 233
82 108
6 29
151 461
411 555
42 79
21 135
111 25
166 198
274 37
14 2
279 392
639 280
302 856
353 659
488 843
44 396
530 49
99 617
444 566
372 831
664 323
162 125
56 40
398 170
8 20
478 817
669 243
12 78
378 550
101 374
475 255
802 569
206 568
366 363
214 539
390 723
124 234
854 331
383 272
738 165
562 246
1 356
576 403
320 363
247 61
476 290
267 252
16 778
219 324
138 598
148 25
605 348
290 270
562 793
170 157
166 732
703 25
192 101
308 207
209 57
545 868
171 190
806 468
345 30
855 294
479 98
425 606
400 258
508 52
165 72
155 140
235 161
761 27
113 415
379 591
371 121
394 370
238 272
230 270
127 782
